Time comparing table
PLU : 13.340850
Givens : 18.862775
Jacobi 545.863482
Gauss Seidel 418.422275
SOR(w=0.3) 384.045643
SOR(w=0.7) 570.291953
SOR(w=1) 560.195636 292.935906
SOR(w=1.3) 523.870957
SOR(w=1.7)317.516215
SOR(w=1.9)305.731392
SOR(w=2)